5
5
9
4
3
4
0
2
0
2
4
1
4
1
1
0
1
0
3
4
3
2
8
1
5
5
11
3
4
3
1
2
1
0
1
0
4
1
4
1
0
2
0
4
0
4
4
3
4
3
10
2
8
5
5
11
2
1
2
4
0
4
0
3
4
3
4
2
4
0
3
0
0
0
0
1
2
1
2
7
2
5
5
11
0
0
0
2
3
2
3
4
0
4
0
3
4
3
4
2
4
0
3
0
0
0
2
10
2
5
5
11
2
4
2
2
1
2
1
0
0
0
0
3
4
3
4
1
3
1
3
4
2
4
1
3
5
5
13
0
3
2
3
2
0
4
0
4
1
4
4
3
4
1
4
1
1
3
1
3
2
0
2
0
3
5
3
7
5
10
2
5
5
12
1
2
1
3
3
3
3
0
1
0
0
0
0
4
2
4
2
1
4
1
4
2
1
2
3
4
7
1
5
5
12
2
2
0
2
0
1
3
1
3
0
1
0
1
3
1
4
4
4
4
3
2
3
2
2
2
7
11
5
5
12
4
1
4
4
3
4
3
2
2
2
2
0
1
0
1
3
0
3
0
1
3
1
4
1
1
10
