5
5
13
4
1
4
3
1
3
1
1
2
1
2
4
3
4
3
2
0
2
0
0
1
0
4
0
4
1
3
2
11
12
5
5
10
4
4
2
4
2
0
0
0
0
4
1
4
1
1
3
1
4
1
4
4
1
2
5
5
12
2
3
2
2
0
2
0
1
3
1
3
0
1
0
1
3
1
4
4
4
4
3
2
3
1
8
5
5
10
2
0
4
0
4
3
4
4
1
4
1
0
0
0
0
3
2
3
2
0
1
3
5
5
12
3
4
3
3
1
3
1
2
4
2
4
1
2
1
2
0
0
0
0
3
0
4
3
4
2
4
10
6
6
11
1
2
0
2
0
0
3
0
4
0
4
4
1
4
1
5
3
5
3
2
1
2
2
1
4
6
6
15
3
1
3
4
5
4
5
5
2
5
2
4
2
2
1
2
1
0
0
0
0
3
5
3
5
0
3
0
3
1
2
11
1
6
6
14
4
2
4
5
2
5
2
4
2
0
3
0
5
0
5
1
5
4
3
4
3
3
0
3
0
2
4
2
2
8
4
6
6
15
1
4
2
4
2
1
0
1
0
2
3
2
3
4
3
5
0
5
0
3
4
3
4
2
4
0
1
0
1
4
2
4
11
