6
6
16
4
0
1
0
1
2
5
2
5
5
1
5
0
5
0
1
2
1
3
1
3
4
1
4
1
3
4
3
4
1
4
0
4
12
4
10
6
6
6
16
2
2
1
2
1
5
5
5
5
2
5
0
4
0
4
3
0
3
0
0
1
0
3
0
3
1
3
4
2
4
2
2
3
8
4
13
6
6
16
1
0
1
4
3
4
3
1
5
1
5
0
2
0
2
1
2
5
5
5
5
3
4
3
0
3
0
2
0
0
1
0
3
13
7
12
6
6
16
1
5
1
3
2
3
2
5
5
5
5
1
4
1
1
1
1
2
4
2
4
4
3
4
3
0
0
0
0
5
1
5
3
14
13
3
6
6
16
1
3
2
3
5
3
5
2
2
2
2
0
5
0
5
1
3
1
0
1
0
3
0
4
4
4
4
5
1
5
1
3
3
2
9
11
6
6
17
2
3
2
0
4
0
4
5
3
5
1
5
1
0
0
0
0
2
5
2
5
1
3
1
3
4
2
4
0
4
0
3
2
3
3
8
16
4
6
6
17
2
4
3
4
3
0
5
0
5
4
5
5
3
5
0
5
0
3
1
3
1
0
0
0
0
2
4
2
4
1
2
1
2
4
3
8
7
5
6
6
17
2
1
2
0
4
0
4
1
4
4
0
4
0
3
0
0
1
0
1
3
3
3
3
2
5
2
5
5
4
5
2
5
2
1
3
4
12
16
6
6
18
5
1
5
0
0
0
0
2
5
2
5
5
4
5
4
3
0
3
0
4
2
4
2
1
1
1
1
5
3
5
3
4
3
1
5
1
3
1
16
2
