6
6
19
4
1
1
1
1
5
2
5
5
5
5
4
3
4
0
4
0
3
3
3
3
2
0
2
0
0
1
0
5
0
5
1
5
3
4
3
4
1
3
14
6
16
6
6
19
5
0
2
0
1
0
1
2
1
5
3
5
4
5
4
1
3
1
0
1
0
3
0
4
2
4
5
4
5
3
2
3
2
2
5
2
5
0
3
12
3
1
6
6
19
1
2
1
1
5
1
5
2
5
5
4
5
4
3
1
3
1
5
2
5
2
0
0
0
0
3
0
4
3
4
3
0
4
0
4
2
1
2
3
1
15
13
6
6
19
5
2
0
2
0
0
1
0
1
3
5
3
5
4
3
4
3
1
4
1
4
5
3
5
0
5
0
4
2
4
2
1
2
0
5
0
5
2
3
1
11
15
6
6
19
5
0
5
3
5
4
2
4
2
0
1
0
1
2
4
2
4
1
0
1
0
2
0
5
1
5
1
3
4
3
4
5
3
5
3
0
5
0
3
11
18
1
6
6
19
3
3
3
2
0
2
0
1
2
1
5
1
5
3
4
3
4
0
2
0
1
0
1
4
2
4
5
4
5
5
3
5
0
5
0
3
3
3
3
9
15
4
6
6
19
1
3
1
4
5
4
5
3
5
0
4
0
4
2
0
2
0
5
2
5
2
1
0
1
0
0
3
0
3
1
3
5
4
5
4
3
1
3
3
6
16
14
6
6
19
3
4
4
4
4
0
3
0
0
0
0
1
2
1
2
4
0
4
0
3
5
3
5
5
2
5
1
5
1
2
5
2
5
1
3
1
3
4
3
1
3
12
6
6
19
3
5
3
0
0
0
0
1
2
1
2
5
1
5
1
3
4
3
4
4
0
4
0
2
1
2
4
2
4
0
5
0
5
2
5
5
3
5
3
2
17
12
