5
5
13
4
3
4
0
2
0
2
3
0
3
0
2
3
2
3
1
1
1
1
4
2
4
4
4
4
3
1
1
5
5
12
0
4
1
4
1
2
2
2
2
0
3
0
3
3
4
3
4
1
1
1
0
1
0
4
1
9
6
6
13
2
5
2
3
5
3
5
1
5
0
2
0
0
0
0
1
3
1
3
2
1
2
1
5
2
5
2
9
6
6
6
14
5
2
4
2
2
2
2
5
1
5
1
3
0
3
0
1
5
1
5
0
3
0
3
5
5
5
5
2
3
8
6
5
6
6
15
0
0
0
4
2
4
3
4
3
1
5
1
5
5
2
5
1
5
1
3
4
3
4
2
4
0
1
0
0
0
4
13
8
12
3
6
6
14
4
5
2
5
2
2
0
2
0
1
5
1
5
2
5
4
1
4
1
3
3
3
3
0
4
0
4
5
2
7
4
6
6
15
1
1
1
3
1
4
5
4
5
2
0
2
0
4
0
5
2
5
2
0
3
0
3
3
4
3
4
1
1
1
3
3
7
4
6
6
16
0
0
0
3
0
4
4
4
4
2
5
2
5
5
3
5
3
2
3
1
1
1
1
5
2
5
2
3
2
0
0
0
4
8
15
3
14
5
5
12
1
4
1
3
3
3
3
2
0
2
0
1
2
1
2
0
4
0
4
3
4
4
1
4
1
10
