6
6
14
1
0
1
3
5
3
5
2
3
2
3
1
0
1
0
3
0
4
4
4
4
5
2
5
2
0
1
0
2
4
6
6
6
15
0
5
3
5
5
5
5
2
0
2
0
0
1
0
5
0
5
1
1
1
1
3
4
3
4
4
0
4
0
5
3
2
1
6
6
6
16
4
2
4
4
3
4
3
0
5
0
5
5
3
5
2
5
2
3
2
0
1
0
1
3
0
3
0
1
4
1
4
2
4
5
15
14
8
6
6
14
3
2
3
1
0
1
0
5
2
5
2
4
2
0
4
0
4
5
5
5
5
3
1
3
1
2
3
2
2
5
6
6
6
15
1
4
4
4
4
0
1
0
0
0
0
3
0
5
3
5
3
3
2
3
2
1
5
1
5
2
1
2
1
4
3
8
5
6
6
6
16
2
4
4
4
4
3
2
3
2
0
0
0
0
4
0
5
3
5
5
5
5
2
3
2
3
1
1
1
1
4
2
4
4
7
11
3
9
6
6
14
5
5
0
5
0
2
0
1
3
1
3
2
3
4
4
4
4
0
1
0
1
2
1
3
5
3
5
5
2
9
2
6
6
15
1
5
1
2
3
2
3
1
5
1
5
5
2
5
2
4
4
4
4
3
4
0
0
0
0
3
0
5
1
5
3
3
4
12
6
6
16
0
3
0
4
5
4
5
1
5
0
2
0
2
1
4
1
4
2
4
5
2
5
1
5
1
2
3
2
3
3
0
3
3
2
9
4
