6
6
14
2
5
0
5
0
2
2
2
3
2
3
4
4
4
4
0
1
0
1
1
5
1
5
4
5
5
2
5
3
1
12
10
6
6
15
2
5
0
5
0
4
0
0
5
0
5
1
5
3
1
3
1
2
3
2
3
5
4
5
4
1
2
1
2
5
3
11
4
5
6
6
16
1
3
1
5
0
5
0
2
0
0
3
0
3
4
4
4
4
1
2
1
2
5
5
5
5
3
5
2
1
2
1
3
4
5
10
3
13
6
6
14
1
3
3
3
3
2
5
2
5
1
0
1
0
5
2
5
2
0
4
0
4
3
4
4
1
4
1
3
3
10
6
8
6
6
15
2
1
2
3
2
4
4
4
4
3
4
0
3
0
3
5
1
5
0
5
0
2
1
2
5
2
5
1
2
1
3
5
11
8
6
6
16
1
5
2
5
2
2
3
2
5
2
5
1
3
1
0
1
0
3
0
4
4
4
4
3
4
0
2
0
1
0
1
5
4
15
1
12
6
6
6
14
5
0
2
0
2
1
0
1
0
5
2
5
5
5
5
4
3
4
3
3
1
3
1
2
5
2
5
0
3
7
6
4
6
6
15
5
5
1
5
1
4
1
2
0
2
0
0
3
0
4
0
4
4
2
4
2
1
3
1
5
1
5
4
5
5
3
11
10
2
6
6
16
3
2
3
1
5
1
5
2
5
5
3
5
2
5
2
0
4
0
4
3
4
4
1
4
1
0
0
0
0
2
3
2
4
9
3
8
7
