6
6
15
3
4
3
2
3
1
0
1
0
3
5
3
5
1
5
0
1
0
1
2
2
2
2
5
0
5
0
4
3
4
4
5
7
10
11
6
6
15
4
5
4
3
1
3
0
3
0
1
4
1
4
2
1
2
1
0
5
0
5
1
5
4
1
4
1
5
4
5
4
8
4
2
9
6
6
15
0
0
0
2
0
3
5
3
5
1
2
1
2
5
5
5
5
4
1
4
1
2
4
2
4
0
3
0
0
0
4
14
1
2
4
6
6
15
2
2
5
2
5
1
0
1
0
2
0
5
5
5
5
3
4
3
4
0
2
0
1
0
1
4
2
4
2
2
4
11
6
5
3
6
6
15
5
3
5
0
3
0
3
1
3
4
1
4
1
0
0
0
0
5
2
5
2
2
4
2
4
5
5
5
5
3
3
1
4
6
6
6
15
5
3
5
1
4
1
0
1
0
4
0
5
4
5
4
2
3
2
3
4
2
4
2
0
1
0
1
3
5
3
3
4
3
6
6
6
15
0
3
2
3
5
3
5
2
0
2
0
0
1
0
4
0
4
1
1
1
1
5
3
5
3
4
0
4
0
3
3
7
2
4
6
6
15
4
5
1
5
0
5
0
3
1
3
1
1
2
1
2
4
3
4
5
4
5
3
5
0
4
0
4
3
4
5
3
10
2
13
6
6
15
1
2
1
5
2
5
2
1
5
1
5
0
2
0
0
0
0
3
0
4
3
4
3
5
5
5
5
2
1
2
3
6
9
4
