5
5
11
0
0
3
0
3
1
1
1
1
2
4
2
4
3
2
3
2
4
0
4
0
0
4
10
3
7
5
5
5
11
2
4
3
4
3
1
4
1
4
3
1
3
1
2
1
0
0
0
0
4
2
4
4
4
8
6
5
5
5
11
1
2
0
2
0
4
4
4
4
1
3
1
3
3
2
3
2
0
1
0
1
2
5
3
6
2
7
5
5
5
11
3
1
1
1
1
4
2
4
2
0
4
0
4
3
0
3
0
2
3
2
3
1
5
9
8
7
4
10
5
5
12
3
4
0
4
0
3
2
3
2
2
4
2
4
1
1
1
1
0
3
0
3
3
3
4
4
9
5
7
11
5
5
12
0
3
3
3
3
4
1
4
1
1
1
0
4
0
4
1
2
1
2
2
0
2
0
3
4
2
4
5
1
5
5
12
3
2
2
2
2
4
1
4
1
1
0
1
0
3
3
3
4
3
4
0
3
0
3
2
5
5
2
7
4
1
5
5
12
4
4
4
3
2
3
2
2
0
2
0
1
3
1
3
0
1
0
1
3
1
4
4
4
5
6
9
7
11
3
5
5
13
2
3
3
3
3
1
0
1
0
2
0
4
3
4
4
4
4
2
1
2
1
0
2
0
2
3
4
5
7
10
1
5
5
13
4
2
4
0
1
0
0
0
0
2
3
2
3
4
2
4
2
1
1
1
1
3
4
3
4
2
4
6
10
3
8
5
5
13
1
1
1
4
2
4
4
4
4
3
4
0
2
0
2
3
0
3
0
2
3
2
3
1
1
1
5
7
6
1
9
5
5
5
13
0
4
1
4
4
4
4
2
1
2
1
0
2
0
2
3
3
3
3
1
0
1
0
2
0
4
5
2
6
5
7
1
5
5
11
4
3
0
3
0
4
3
4
3
2
0
2
0
0
1
0
4
0
4
1
4
3
4
7
2
1
8
5
5
11
1
2
4
2
4
0
1
0
0
0
0
4
2
4
3
4
3
1
1
1
1
2
4
6
9
4
7
5
5
11
2
4
2
0
0
0
0
1
3
1
3
2
1
2
1
3
4
3
4
4
2
4
5
10
3
9
2
6
5
5
11
2
4
2
0
0
0
0
1
3
1
3
2
1
2
1
3
4
3
4
4
2
4
5
10
3
9
2
6
