5
5
11
4
0
4
2
3
2
0
2
0
4
4
4
4
3
1
3
1
1
1
0
4
0
3
10
8
2
5
5
11
3
2
2
2
2
0
1
0
1
3
0
3
0
1
4
1
4
4
3
4
3
2
2
10
7
5
5
11
2
0
2
1
0
1
0
2
3
2
3
3
1
3
1
4
4
4
4
0
2
0
2
1
10
6
6
13
0
5
0
3
1
3
1
0
5
0
5
2
0
2
0
1
2
1
2
4
4
4
4
5
0
5
5
6
9
3
2
5
6
6
13
1
0
1
2
5
2
5
4
0
4
0
3
0
1
3
1
4
1
4
5
2
5
2
0
1
0
5
7
9
10
2
1
6
6
13
3
2
4
2
4
4
0
4
0
2
0
1
2
1
5
1
5
0
1
0
1
5
3
5
3
2
5
7
2
4
1
8
5
5
11
1
1
0
1
0
4
2
4
2
3
2
0
4
0
4
4
3
4
3
1
1
1
2
4
9
5
5
11
3
0
3
3
2
3
0
3
0
4
4
4
4
2
4
1
1
1
1
0
3
0
2
9
5
5
5
11
0
4
3
4
4
4
4
0
2
0
2
3
3
3
3
1
0
1
0
2
0
4
1
1
