6
6
13
0
2
3
2
4
2
4
4
5
4
5
0
2
0
2
1
2
5
1
5
1
0
0
0
0
2
4
3
2
8
4
6
6
14
5
1
0
1
0
5
2
5
3
5
3
3
3
0
4
0
4
4
1
4
1
2
2
2
5
2
5
1
5
12
2
10
1
6
6
6
15
4
4
4
3
0
3
0
2
5
2
5
5
3
5
3
1
5
1
5
0
1
0
1
1
1
4
2
4
4
4
6
12
14
9
6
5
1
6
6
13
1
5
0
5
0
2
1
2
1
0
2
0
2
4
3
4
5
4
5
1
4
1
4
5
1
5
3
7
3
5
6
6
14
4
2
3
2
3
4
0
4
0
5
2
5
5
5
5
3
4
3
1
3
1
1
1
0
4
0
4
2
4
5
8
9
2
6
6
15
0
4
0
3
0
1
4
1
4
0
1
0
1
5
2
5
2
2
4
2
5
2
5
5
3
5
3
4
0
4
5
10
9
4
14
13
5
5
11
3
1
1
1
1
4
2
4
2
0
4
0
4
3
0
3
0
2
3
2
3
1
1
9
5
5
12
1
2
0
2
0
0
3
0
4
0
4
3
3
3
3
1
2
1
2
4
1
4
1
2
1
3
5
5
13
4
1
4
0
2
0
2
3
0
3
0
2
3
2
3
1
1
1
1
4
2
4
4
4
4
1
2
5
12
