6
6
16
5
2
5
4
2
4
1
4
1
2
2
2
2
0
3
0
3
5
4
5
4
3
0
3
0
1
1
1
5
1
5
2
5
14
10
8
3
15
6
6
16
3
0
3
1
3
4
5
4
5
5
0
5
0
3
4
3
4
2
0
2
0
1
2
1
2
4
1
4
1
0
3
0
5
2
15
7
3
5
6
6
16
4
1
4
2
4
5
5
5
5
3
2
3
2
2
2
0
1
0
1
5
3
5
3
4
0
4
0
3
0
1
4
1
5
9
1
6
8
14
6
6
16
5
2
5
5
3
5
2
5
2
1
3
1
5
1
5
0
3
0
0
0
0
4
3
4
3
3
1
3
1
2
5
2
5
3
10
9
11
5
6
6
16
0
2
0
3
2
3
2
0
4
0
5
0
5
5
1
5
1
4
1
1
3
1
4
1
4
4
3
4
3
2
0
2
5
5
1
8
3
6
6
6
16
1
3
1
2
5
2
5
3
5
5
1
5
0
5
0
2
0
0
4
0
4
1
2
1
2
4
4
4
4
3
1
3
5
9
8
14
3
5
6
6
16
0
1
0
4
4
4
4
5
1
5
1
3
1
2
5
2
5
1
2
1
2
3
3
3
3
0
2
0
0
0
0
1
5
15
3
8
9
2
6
6
16
2
3
2
0
4
0
4
3
4
4
0
4
0
2
0
1
5
1
5
5
3
5
3
2
1
2
1
5
2
5
2
3
5
15
3
6
8
9
6
6
16
1
0
1
3
0
3
0
1
5
1
5
2
5
4
2
4
2
2
3
2
3
5
4
5
4
3
4
0
2
0
1
0
5
12
5
3
15
14
6
6
16
2
1
3
1
3
4
2
4
0
4
0
5
4
5
4
0
3
0
0
0
0
2
1
2
5
2
5
3
2
3
2
1
5
8
12
15
9
13
6
6
16
3
2
1
2
1
1
4
1
4
0
2
0
2
4
3
4
5
4
5
3
3
3
0
3
0
5
4
5
4
2
3
2
5
8
10
4
14
3
6
6
16
0
1
3
1
4
1
4
5
2
5
2
4
2
0
3
0
5
0
5
3
3
3
3
2
1
2
1
5
0
5
0
1
5
12
6
1
14
8
6
6
16
3
3
1
3
1
2
4
2
4
1
2
1
2
4
3
4
5
4
5
5
0
5
0
3
0
0
1
0
3
0
3
3
5
3
12
6
13
4
6
6
16
4
4
2
4
2
5
5
5
5
4
5
0
0
0
0
1
0
3
3
3
3
2
1
2
1
1
4
1
4
3
4
4
5
6
4
1
2
8
6
6
16
5
4
5
1
5
0
0
0
0
4
0
5
4
5
4
3
1
3
1
2
4
2
4
1
2
1
2
4
3
4
5
4
5
11
8
3
1
4
6
6
16
2
0
2
4
1
4
1
1
0
1
0
5
1
5
3
5
3
1
5
1
5
2
5
5
4
5
4
3
4
0
2
0
5
12
13
1
6
11
