6
6
18
0
5
0
2
0
1
2
1
2
4
4
4
4
3
1
3
1
2
1
0
2
0
5
0
5
1
3
1
3
2
3
5
2
5
0
5
5
3
14
11
6
1
6
6
18
1
0
0
0
0
5
2
5
2
0
5
0
5
1
3
1
3
5
4
5
4
3
1
3
1
4
5
4
5
2
4
2
1
2
1
0
5
7
1
13
2
16
6
6
18
1
2
1
4
4
4
4
3
4
1
3
1
3
3
0
3
0
2
0
0
4
0
5
0
5
2
5
5
3
5
2
5
2
2
1
2
5
8
3
12
2
11
6
6
18
3
3
0
3
0
4
2
4
2
0
5
0
5
2
0
2
0
0
1
0
1
5
4
5
5
5
5
3
4
3
4
1
3
1
3
3
5
5
3
4
11
12
6
6
18
4
3
0
3
0
0
2
0
2
5
0
5
0
4
3
4
3
0
4
0
4
2
1
2
1
1
5
1
5
2
5
5
4
5
4
3
4
17
1
8
12
6
6
18
2
1
5
1
5
3
4
3
4
0
3
0
3
2
3
5
5
5
5
4
0
4
0
3
0
0
1
0
1
2
1
5
2
5
2
1
4
7
12
5
15
6
6
18
2
0
2
4
0
4
0
3
5
3
5
5
4
5
1
5
1
0
0
0
0
2
5
2
5
1
3
1
3
4
4
4
4
0
2
0
4
9
6
1
12
6
6
18
1
4
1
1
1
0
4
0
4
2
3
2
0
2
0
4
0
5
2
5
2
1
3
1
5
1
5
4
5
5
3
5
3
4
1
4
4
14
2
5
10
6
6
9
5
3
2
3
2
5
5
5
5
4
1
4
1
2
5
2
5
3
1
7
6
6
9
4
1
0
1
0
4
1
4
1
0
2
0
2
4
4
4
4
1
1
4
6
6
9
5
2
1
2
1
5
3
5
3
0
1
0
1
1
5
1
5
2
1
4
6
6
9
0
3
2
3
2
0
4
0
4
5
5
5
5
2
0
2
0
3
1
4
6
6
10
4
4
4
5
2
5
2
1
3
1
5
1
5
2
1
2
1
4
4
4
1
5
6
6
11
2
2
0
2
0
3
5
3
5
2
5
0
2
0
1
0
1
5
2
5
2
2
1
6
6
6
11
1
0
3
0
3
1
0
1
0
3
4
3
4
2
2
2
2
5
1
5
1
0
1
2
6
6
11
0
4
0
2
0
1
3
1
3
3
4
3
4
0
5
0
5
4
3
4
0
4
1
9
