6
6
14
5
1
0
1
0
2
3
2
5
2
5
5
1
5
1
4
3
4
3
3
1
3
1
0
5
0
5
1
2
4
1
6
6
15
4
5
4
1
2
1
2
2
2
5
0
5
0
0
1
0
1
3
3
3
3
0
5
0
5
1
5
5
4
5
3
6
13
7
6
6
16
0
0
0
4
3
4
3
5
1
5
1
2
1
1
4
1
4
2
2
2
2
3
5
3
5
1
5
0
3
0
0
0
4
6
10
11
14
6
6
14
3
2
3
0
4
0
4
4
1
4
1
5
5
5
5
4
5
1
1
1
0
1
0
3
3
3
3
2
2
10
1
6
6
15
3
1
4
1
4
4
3
4
1
4
1
1
1
0
5
0
5
2
5
5
1
5
0
5
0
3
3
3
3
1
3
11
10
9
6
6
16
0
4
0
2
4
2
4
5
5
5
5
2
5
0
2
0
1
0
1
3
2
3
2
1
3
1
3
4
1
4
0
4
3
5
8
9
6
6
15
5
2
4
2
4
4
1
4
0
4
0
1
1
1
1
3
2
3
2
0
3
0
3
2
3
5
5
5
5
2
2
3
11
6
6
16
3
5
3
3
0
3
0
2
0
0
1
0
4
0
4
2
1
2
1
4
5
4
5
3
5
1
2
1
2
5
3
5
3
7
10
6
6
6
17
0
2
3
2
3
0
2
0
2
4
5
4
5
3
5
1
4
1
1
1
1
3
4
3
4
5
3
5
0
5
0
4
0
2
4
14
11
9
2
