grass0
0.000000,0.062500,0.000000,0.062500
grass1
0.000000,0.062500,0.062500,0.125000
grass2
0.000000,0.062500,0.125000,0.187500
grass3
0.000000,0.062500,0.187500,0.250000
grass4
0.000000,0.062500,0.250000,0.312500
grass5
0.000000,0.062500,0.312500,0.375000
horz_dots
0.000000,0.062500,0.375000,0.437500
vert_dots
0.000000,0.062500,0.437500,0.500000
clear
0.000000,0.062500,0.500000,0.562500
menu_circle
0.000000,0.062500,0.562500,0.687500
down_arrow
0.062500,0.187500,0.000000,0.125000
up_arrow
0.062500,0.187500,0.125000,0.250000
left_arrow
0.062500,0.187500,0.250000,0.375000
right_arrow
0.062500,0.187500,0.375000,0.500000
leftdot
0.062500,0.187500,0.500000,0.625000
updot
0.062500,0.187500,0.625000,0.750000
rightdot
0.062500,0.187500,0.750000,0.875000
downdot
0.062500,0.187500,0.875000,1.000000
1
0.187500,0.312500,0.000000,0.125000
2
0.187500,0.312500,0.125000,0.250000
3
0.187500,0.312500,0.250000,0.375000
4
0.187500,0.312500,0.375000,0.500000
5
0.187500,0.312500,0.500000,0.625000
6
0.187500,0.312500,0.625000,0.750000
flower0
0.312500,0.437500,0.000000,0.125000
flower1
0.312500,0.437500,0.125000,0.250000
flower2
0.312500,0.437500,0.250000,0.375000
flower3
0.312500,0.437500,0.375000,0.500000
flower4
0.312500,0.437500,0.500000,0.625000
flower5
0.312500,0.437500,0.625000,0.750000
flower6
0.312500,0.437500,0.750000,0.875000
flower7
0.312500,0.437500,0.875000,1.000000
flower8
0.312500,0.437500,1.000000,1.125000
bee
0.437500,0.562500,0.000000,0.125000
