6
6
16
1
4
1
1
0
1
0
5
2
5
2
1
4
1
4
2
4
5
3
5
3
3
3
0
5
0
5
3
5
4
1
4
3
11
2
13
6
6
17
3
5
4
5
4
0
3
0
3
3
2
3
2
0
0
0
0
4
2
4
5
4
5
2
5
1
1
1
1
2
1
5
3
5
3
16
10
9
6
6
15
3
3
5
3
5
2
2
2
0
2
0
1
2
1
2
0
4
0
4
4
4
5
1
5
1
4
3
4
3
3
2
4
10
6
6
15
1
5
1
2
3
2
3
3
5
3
5
0
1
0
0
0
0
4
3
4
4
4
4
1
2
1
2
5
1
5
2
7
9
6
6
16
5
3
2
3
1
3
1
5
5
5
5
4
0
4
0
2
4
2
4
0
3
0
0
0
0
1
2
1
5
1
5
3
4
10
2
13
8
6
6
17
0
1
4
1
4
2
1
2
1
3
1
5
2
5
2
3
2
0
3
0
5
0
5
3
5
4
3
4
0
4
0
2
0
1
3
14
11
8
6
6
15
3
3
3
1
0
1
0
3
0
4
4
4
4
2
5
2
5
5
1
5
1
2
1
0
2
0
2
3
3
3
2
10
3
6
6
16
5
5
5
1
3
1
3
4
4
4
4
2
1
2
1
3
1
5
0
5
0
3
0
0
2
0
2
1
2
5
5
5
2
13
10
6
6
17
4
3
4
1
0
1
0
2
5
2
5
0
2
0
1
0
1
4
2
4
5
4
5
5
3
5
0
5
0
3
3
3
4
3
3
15
13
16
