6
6
15
5
1
5
5
3
5
0
5
0
0
4
0
4
2
1
2
1
3
4
3
4
4
2
4
2
1
3
1
5
1
2
4
1
6
6
16
3
4
2
4
2
1
4
1
5
1
5
3
0
3
0
2
4
2
4
5
3
5
1
5
1
1
1
0
3
0
3
4
3
1
13
7
6
6
17
3
2
2
2
0
2
0
1
2
1
5
1
5
3
4
3
4
0
3
0
1
0
1
3
1
4
5
4
5
5
3
5
3
2
3
8
4
16
6
6
15
2
1
2
0
4
0
4
1
4
5
3
5
3
2
1
2
1
3
5
3
5
4
2
4
0
4
0
1
2
1
2
4
11
6
6
16
3
0
3
3
5
3
5
0
4
0
4
4
3
4
0
4
0
2
0
1
2
1
2
2
2
5
1
5
1
0
3
0
3
11
15
3
6
6
17
0
2
5
2
5
3
5
5
4
5
1
5
1
4
1
0
2
0
4
0
4
4
2
4
2
1
3
1
3
3
0
3
0
2
3
7
12
9
6
6
15
3
4
3
5
0
5
0
0
1
0
4
0
4
2
4
3
1
3
1
1
2
1
5
1
5
3
5
4
3
4
2
4
10
6
6
16
5
2
5
4
0
4
0
2
4
2
4
5
3
5
1
5
1
1
1
0
3
0
3
3
2
3
2
1
5
1
5
2
2
9
15
6
6
17
4
0
5
0
5
2
4
2
4
5
3
5
1
5
1
2
1
1
3
1
3
4
2
4
0
4
0
3
2
3
2
0
4
0
3
12
8
1
