6
6
15
1
5
1
3
1
0
0
0
0
4
3
4
3
0
5
0
5
1
2
1
2
2
4
2
4
5
2
5
1
5
2
12
1
6
6
16
0
3
3
3
4
3
4
1
0
1
0
2
2
2
5
2
5
0
2
0
1
0
1
4
3
4
3
5
0
5
0
3
3
10
1
6
6
6
17
3
0
4
0
4
3
5
3
5
1
1
1
1
2
1
4
2
4
2
0
0
0
0
1
0
5
2
5
3
5
3
3
3
0
3
16
7
12
6
6
15
3
0
0
0
0
5
3
5
3
1
2
1
2
4
1
4
1
2
5
2
5
3
5
5
4
5
4
0
3
0
2
14
5
6
6
16
0
2
3
2
4
2
4
0
1
0
1
1
1
3
5
3
5
1
2
1
2
5
5
5
5
4
3
4
0
4
0
2
2
1
13
6
6
17
1
3
1
4
3
4
3
3
3
0
2
0
0
0
0
5
2
5
2
2
4
2
4
5
5
5
5
1
4
1
1
1
1
3
3
11
3
2
6
6
15
3
1
4
1
4
5
3
5
3
2
2
2
2
4
5
4
5
0
2
0
0
0
0
4
1
4
1
1
3
1
2
14
10
6
6
16
2
5
4
5
5
5
5
3
5
0
3
0
3
1
3
4
1
4
1
0
0
0
0
3
4
3
4
2
2
2
2
5
2
3
6
6
6
17
4
3
3
3
3
0
5
0
5
4
3
4
2
4
2
0
1
0
1
2
4
2
4
1
0
1
0
2
0
5
4
5
4
3
2
6
14
