6
6
15
4
2
5
2
5
5
1
5
1
3
2
3
2
0
0
0
0
1
0
4
2
4
3
4
3
0
4
0
4
2
2
9
6
6
6
16
5
2
3
2
0
2
0
4
1
4
4
4
4
0
3
0
1
0
1
3
5
3
5
5
2
5
2
1
5
1
5
2
3
9
4
2
6
6
17
2
5
0
5
0
4
0
1
1
1
5
1
5
2
5
4
1
4
1
2
4
2
4
3
2
3
2
0
3
0
3
5
2
5
4
4
12
6
11
6
6
15
3
5
0
5
0
3
4
3
4
1
0
1
0
2
2
2
5
2
5
4
4
4
1
4
1
0
3
0
3
5
2
8
11
6
6
16
4
1
2
1
2
2
2
5
0
5
0
4
0
1
1
1
1
4
5
4
5
3
5
0
3
0
3
5
4
5
4
1
3
6
8
2
6
6
17
4
5
0
5
0
2
2
2
2
3
4
3
4
0
3
0
1
0
1
3
1
4
3
4
3
1
5
1
5
2
5
5
4
5
3
11
9
16
6
6
15
3
1
5
1
5
4
5
5
3
5
3
2
1
2
0
2
0
0
4
0
4
3
4
4
2
4
2
1
3
1
2
11
2
6
6
16
4
1
3
1
0
1
0
0
2
0
2
4
1
4
1
2
5
2
5
3
5
5
4
5
0
5
0
3
4
3
4
1
2
12
9
6
6
17
2
3
2
5
1
5
1
3
1
0
3
0
3
1
0
1
0
2
0
4
3
4
4
4
4
0
5
0
5
2
2
2
2
3
3
16
3
12
