6
6
16
3
3
2
3
0
3
0
4
3
4
3
5
1
5
1
2
5
2
5
5
4
5
4
1
1
1
1
0
3
0
3
3
5
11
15
10
12
6
6
6
16
0
5
0
2
1
2
5
2
5
0
2
0
2
5
5
5
5
4
3
4
3
1
4
1
4
3
1
3
1
5
0
5
5
11
15
2
8
9
6
6
16
1
0
4
0
5
0
5
2
5
5
0
5
0
3
3
3
3
2
0
2
0
1
4
1
4
3
4
4
1
4
1
0
5
5
3
12
9
1
6
6
16
4
2
4
0
3
0
0
0
0
2
1
2
1
5
3
5
3
4
0
4
0
3
2
3
5
3
5
5
4
5
4
2
5
13
11
4
3
15
6
6
16
5
3
5
0
3
0
3
3
1
3
1
0
2
0
2
2
2
5
4
5
4
2
4
1
0
1
0
4
5
4
5
3
5
12
14
7
13
15
6
6
16
3
5
0
5
0
4
0
0
3
0
3
4
1
4
1
1
2
1
2
3
5
3
5
2
5
0
4
0
4
5
3
5
5
3
4
6
9
8
6
6
16
0
1
3
1
3
3
3
4
1
4
1
3
1
0
2
0
2
3
2
5
5
5
5
0
4
0
4
2
0
2
0
1
5
12
11
8
2
6
6
6
16
1
2
3
2
3
5
2
5
2
1
5
1
5
3
5
4
0
4
0
0
1
0
4
0
4
2
4
3
1
3
1
2
5
14
3
6
4
11
6
6
16
3
4
4
4
4
2
3
2
0
2
0
1
2
1
2
5
3
5
5
5
5
4
5
0
4
0
1
0
1
4
3
4
5
10
4
12
9
1
6
6
16
0
0
0
5
4
5
4
4
1
4
1
3
5
3
5
2
5
0
2
0
2
1
4
1
4
2
1
2
1
0
0
0
5
1
6
8
12
4
6
6
16
1
0
2
0
4
0
4
4
3
4
3
1
2
1
2
3
5
3
5
2
0
2
0
3
0
5
1
5
1
3
1
0
5
2
9
12
3
15
6
6
16
2
1
5
1
5
0
3
0
3
3
2
3
0
3
0
4
5
4
5
2
4
2
4
5
3
5
1
5
1
1
2
1
5
8
3
14
13
15
6
6
16
3
2
1
2
1
5
3
5
3
4
5
4
5
3
5
0
4
0
4
3
2
3
2
0
0
0
0
1
3
1
3
2
5
14
2
4
5
6
6
6
16
4
3
2
3
2
0
3
0
3
4
1
4
1
1
5
1
5
2
5
5
4
5
0
5
0
4
0
2
4
2
4
3
5
13
12
11
15
7
6
6
16
5
4
5
1
5
0
2
0
2
5
3
5
3
2
1
2
1
3
4
3
4
1
0
1
0
2
0
4
1
4
5
4
5
9
11
14
1
12
6
6
16
0
4
0
1
1
1
3
1
3
4
3
5
1
5
1
2
5
2
5
5
4
5
4
0
2
0
2
3
2
4
0
4
5
12
11
13
7
4
